2018-12-20 2018149 	 01 07 08 10 12 24  01 	 353,364,860 	 12 212 
2018-12-18 2018148 	 03 06 18 19 21 31  01 	 346,743,178 	 11 210 
2018-12-16 2018147 	 03 15 17 23 27 30  11 	 378,419,434 	 11 102 
2018-12-13 2018146 	 02 10 11 17 18 29  16 	 345,409,226 	 13 157 
2018-12-11 2018145 	 03 09 13 22 23 25  06 	 349,376,292 	 21 172 
2018-12-09 2018144 	 08 13 17 18 20 27  13 	 387,956,028 	 1 117 
2018-12-06 2018143 	 04 06 15 28 32 33  14 	 373,157,016 	 16 117 
2018-12-04 2018142 	 05 08 10 11 27 28  11 	 390,581,690 	 16 242 
2018-12-02 2018141 	 11 14 16 18 24 33  04 	 416,166,816 	 2 115 
2018-11-29 2018140 	 01 15 20 22 25 28  14 	 386,006,162 	 0 103 
2018-11-27 2018139 	 11 18 20 23 31 32  15 	 380,559,364 	 10 82 
2018-11-25 2018138 	 01 10 25 27 30 32  09 	 412,013,682 	 3 67 
2018-11-22 2018137 	 03 05 11 15 20 23  09 	 379,485,292 	 10 141 
2018-11-20 2018136 	 10 12 15 25 26 27  14 	 377,111,910 	 6 149 
2018-11-18 2018135 	 01 03 06 10 11 29  16 	 406,719,454 	 4 133 
2018-11-15 2018134 	 03 16 18 31 32 33  12 	 377,767,366 	 11 297 
2018-11-13 2018133 	 02 04 11 12 18 32  13 	 374,106,026 	 3 65 
2018-11-11 2018132 	 01 02 09 10 15 22  06 	 408,709,916 	 12 104 
2018-11-08 2018131 	 21 22 24 31 32 33  01 	 383,809,176 	 2 125 
2018-11-06 2018130 	 05 12 17 18 24 28  12 	 374,274,632 	 17 841 
2018-11-04 2018129 	 02 04 06 16 18 19  16 	 418,290,398 	 7 117 
2018-11-01 2018128 	 06 07 08 19 22 23  02 	 388,471,822 	 11 300 
2018-10-30 2018127 	 02 05 06 07 11 15  12 	 383,266,268 	 13 202 
2018-10-28 2018126 	 01 06 08 09 14 22  05 	 415,778,246 	 8 138 
2018-10-25 2018125 	 03 10 11 14 15 32  02 	 391,293,382 	 3 54 
2018-10-23 2018124 	 09 13 14 19 22 25  02 	 378,069,006 	 4 127 
2018-10-21 2018123 	 13 21 24 27 31 32  01 	 410,429,482 	 6 115 
2018-10-18 2018122 	 05 07 20 22 30 32  10 	 327,644,802 	 31 230 
2018-10-16 2018121 	 06 08 14 19 23 25  11 	 321,305,376 	 11 142 
2018-10-14 2018120 	 03 04 18 26 27 33  01 	 357,215,818 	 5 185 
2018-10-11 2018119 	 03 13 14 16 25 27  12 	 328,321,394 	 10 117 
2018-10-09 2018118 	 08 12 21 22 27 31  09 	 322,015,414 	 7 140 
2018-10-07 2018117 	 08 11 15 17 23 25  05 	 340,052,040 	 6 189 
2018-10-04 2018116 	 05 14 17 22 23 28  15 	 281,786,404 	 44 320 
2018-10-02 2018115 	 01 13 19 24 26 29  11 	 273,986,534 	 1 52 
2018-09-30 2018114 	 01 07 15 16 20 27  14 	 336,072,030 	 6 203 
2018-09-27 2018113 	 01 06 09 16 25 26  09 	 314,160,394 	 11 208 
2018-09-25 2018112 	 05 08 18 25 26 31  04 	 302,328,982 	 11 154 
2018-09-23 2018111 	 01 07 14 24 25 28  08 	 320,180,512 	 11 143 
2018-09-20 2018110 	 11 13 16 21 22 23  02 	 307,066,624 	 2 66 
2018-09-18 2018109 	 10 11 18 23 31 33  15 	 306,989,720 	 4 69 
2018-09-16 2018108 	 05 13 18 21 26 30  02 	 322,147,946 	 22 179 
2018-09-13 2018107 	 01 02 05 12 20 22  01 	 317,508,712 	 6 139 
2018-09-11 2018106 	 04 18 19 24 25 26  10 	 312,096,980 	 4 125 
2018-09-09 2018105 	 04 05 13 18 19 25  01 	 343,324,268 	 17 150 
2018-09-06 2018104 	 02 03 06 19 25 29  01 	 312,637,426 	 5 158 
2018-09-04 2018103 	 02 09 15 22 23 24  16 	 314,574,584 	 7 111 
2018-09-02 2018102 	 02 06 11 19 21 28  05 	 340,812,198 	 4 163 
2018-08-30 2018101 	 01 03 14 26 29 33  09 	 308,676,480 	 5 70 
2018-08-28 2018100 	 02 11 14 15 29 33  02 	 309,533,260 	 3 91 
2018-08-26 2018099 	 03 07 08 14 25 32  06 	 339,383,254 	 12 242 
2018-08-23 2018098 	 06 10 11 20 29 32  13 	 314,746,902 	 9 125 
2018-08-21 2018097 	 01 02 17 20 25 28  13 	 313,501,772 	 1 38 
2018-08-19 2018096 	 01 05 09 20 28 32  12 	 338,691,852 	 23 150 
2018-08-16 2018095 	 10 11 12 21 26 33  09 	 320,539,494 	 4 87 
2018-08-14 2018094 	 04 07 16 20 24 30  05 	 314,204,036 	 0 148 
2018-08-12 2018093 	 04 18 20 21 29 33  07 	 341,609,166 	 3 78 
2018-08-09 2018092 	 06 10 16 19 24 33  16 	 318,819,890 	 1 95 
2018-08-07 2018091 	 06 11 13 17 25 32  07 	 315,853,082 	 4 81 
2018-08-05 2018090 	 01 02 04 10 14 23  07 	 340,370,390 	 12 85 
2018-08-02 2018089 	 06 09 12 14 18 27  14 	 312,432,712 	 5 172 
2018-07-31 2018088 	 03 05 12 29 30 32  14 	 315,199,378 	 8 69 
2018-07-29 2018087 	 01 05 10 16 18 31  03 	 348,603,358 	 3 74 
2018-07-26 2018086 	 02 07 17 21 23 26  16 	 322,631,262 	 18 109 
2018-07-24 2018085 	 04 10 25 26 30 33  06 	 322,576,362 	 8 88 
2018-07-22 2018084 	 05 06 08 12 22 24  03 	 347,865,554 	 13 249 
2018-07-19 2018083 	 04 09 18 21 32 33  03 	 323,565,026 	 11 126 
2018-07-17 2018082 	 06 12 14 20 22 24  09 	 319,081,284 	 8 140 
2018-07-15 2018081 	 01 02 12 16 20 26  03 	 349,698,540 	 5 154 
2018-07-12 2018080 	 04 07 13 20 29 33  03 	 325,310,442 	 6 128 
2018-07-10 2018079 	 14 15 17 22 24 29  13 	 327,442,428 	 2 77 
2018-07-08 2018078 	 03 10 14 17 18 30  12 	 358,569,878 	 6 204 
2018-07-05 2018077 	 02 05 09 15 20 24  10 	 327,832,004 	 7 109 
2018-07-03 2018076 	 03 07 08 15 29 30  13 	 327,873,252 	 22 363 
2018-07-01 2018075 	 07 09 12 13 22 24  11 	 356,378,720 	 17 120 
2018-06-28 2018074 	 09 11 14 20 27 30  09 	 327,800,026 	 9 120 
2018-06-26 2018073 	 02 09 14 15 16 23  10 	 329,645,754 	 8 104 
2018-06-24 2018072 	 11 16 19 22 25 30  08 	 372,281,494 	 19 101 
2018-06-21 2018071 	 02 05 06 13 16 19  03 	 348,880,396 	 9 110 
2018-06-19 2018070 	 04 09 15 16 19 27  10 	 339,461,364 	 13 138 
2018-06-17 2018069 	 06 13 17 19 23 31  12 	 355,213,336 	 5 126 
2018-06-14 2018068 	 08 10 17 20 27 30  01 	 332,649,368 	 3 225 
2018-06-12 2018067 	 01 04 09 12 15 18  05 	 324,647,042 	 8 122 
2018-06-10 2018066 	 09 16 17 19 22 26  10 	 357,968,382 	 10 195 
2018-06-07 2018065 	 01 04 06 14 28 33  01 	 329,937,636 	 6 123 
2018-06-05 2018064 	 02 05 10 11 17 21  05 	 329,557,586 	 12 149 
2018-06-03 2018063 	 05 06 10 16 20 25  12 	 358,387,608 	 27 315 
2018-05-31 2018062 	 02 18 19 24 25 33  11 	 326,938,646 	 6 109 
2018-05-29 2018061 	 09 10 11 12 18 23  07 	 332,550,974 	 15 213 
2018-05-27 2018060 	 04 08 13 25 30 31  10 	 364,451,892 	 5 111 
2018-05-24 2018059 	 04 06 08 13 22 32  11 	 335,528,070 	 5 69 
2018-05-22 2018058 	 07 12 13 16 26 31  07 	 328,678,478 	 11 120 
2018-05-20 2018057 	 05 15 17 19 20 30  13 	 360,079,018 	 9 193 
2018-05-17 2018056 	 01 03 06 20 21 26  01 	 332,042,280 	 7 187 
2018-05-15 2018055 	 07 09 10 12 22 26  07 	 328,077,816 	 39 131 
2018-05-13 2018054 	 04 06 18 22 25 33  16 	 364,343,470 	 4 86 
2018-05-10 2018053 	 01 04 10 11 14 27  06 	 336,743,448 	 8 104 
2018-05-08 2018052 	 03 05 06 09 15 32  14 	 335,132,016 	 4 104 
2018-05-06 2018051 	 05 07 20 23 27 31  04 	 362,286,900 	 5 146 
2018-05-03 2018050 	 01 02 04 10 18 19  07 	 332,612,986 	 7 146 
2018-05-01 2018049 	 01 03 04 11 19 23  02 	 308,606,382 	 7 88 
2018-04-29 2018048 	 01 12 20 25 30 31  02 	 347,082,070 	 4 76 
2018-04-26 2018047 	 06 07 12 16 22 25  07 	 340,211,348 	 9 102 
2018-04-24 2018046 	 10 13 14 18 20 31  03 	 341,414,200 	 2 100 
2018-04-22 2018045 	 03 04 06 25 26 30  01 	 381,384,846 	 3 82 
2018-04-19 2018044 	 05 09 12 17 27 30  06 	 351,490,126 	 22 643 
2018-04-17 2018043 	 01 04 06 08 21 24  07 	 350,595,736 	 6 93 
2018-04-15 2018042 	 06 10 21 28 29 31  12 	 373,384,922 	 14 163 
2018-04-12 2018041 	 07 08 20 23 24 32  13 	 342,614,774 	 4 64 
2018-04-10 2018040 	 01 03 08 13 18 23  16 	 341,719,534 	 11 283 
2018-04-08 2018039 	 08 12 18 19 23 32  03 	 368,394,896 	 6 168 
2018-04-05 2018038 	 15 23 24 25 28 29  09 	 303,245,456 	 5 75 
2018-04-03 2018037 	 01 06 07 08 27 30  10 	 336,334,062 	 12 137 
2018-04-01 2018036 	 08 17 24 26 28 33  04 	 375,931,002 	 4 117 
2018-03-29 2018035 	 07 10 11 17 23 28  15 	 350,309,396 	 6 289 
2018-03-27 2018034 	 01 05 11 22 23 26  15 	 348,544,506 	 8 122 
2018-03-25 2018033 	 04 19 20 22 28 33  06 	 376,360,408 	 3 88 
2018-03-22 2018032 	 21 22 23 24 25 32  06 	 351,194,914 	 3 127 
2018-03-20 2018031 	 02 16 18 19 27 30  14 	 345,048,756 	 3 116 
2018-03-18 2018030 	 13 14 20 21 25 33  07 	 388,492,136 	 1 98 
2018-03-15 2018029 	 01 02 09 14 22 25  05 	 349,939,456 	 5 85 
2018-03-13 2018028 	 03 08 11 14 18 23  16 	 352,015,830 	 7 220 
2018-03-11 2018027 	 02 07 09 14 18 28  05 	 386,579,026 	 6 144 
2018-03-08 2018026 	 04 07 12 14 26 32  04 	 341,958,742 	 6 75 
2018-03-06 2018025 	 04 13 16 19 21 25  14 	 341,614,936 	 1 83 
2018-03-04 2018024 	 11 19 22 26 31 32  02 	 373,443,496 	 9 81 
2018-03-01 2018023 	 12 15 16 21 26 29  16 	 339,395,846 	 3 159 
2018-02-27 2018022 	 07 14 19 21 22 23  03 	 333,617,132 	 6 111 
2018-02-25 2018021 	 03 04 06 11 23 28  14 	 364,661,036 	 3 216 
2018-02-22 2018020 	 06 09 10 14 28 30  05 	 322,991,340 	 33 212 
2018-02-13 2018019 	 03 11 12 16 21 23  09 	 353,382,992 	 8 80 
2018-02-11 2018018 	 02 12 13 18 25 27  07 	 364,855,490 	 12 214 
2018-02-08 2018017 	 03 06 11 26 30 32  12 	 341,808,336 	 5 68 
2018-02-06 2018016 	 01 11 12 18 25 27  16 	 338,462,386 	 4 98 
2018-02-04 2018015 	 11 15 20 21 26 33  15 	 372,995,620 	 6 172 
2018-02-01 2018014 	 09 12 20 24 28 31  07 	 341,965,074 	 17 103 
2018-01-30 2018013 	 06 08 13 15 22 33  06 	 338,322,260 	 9 99 
2018-01-28 2018012 	 11 12 13 19 26 28  12 	 367,108,128 	 8 129 
2018-01-25 2018011 	 03 10 21 23 27 33  11 	 336,871,794 	 8 138 
2018-01-23 2018010 	 01 08 17 20 21 22  03 	 351,327,690 	 6 71 
2018-01-21 2018009 	 05 10 17 23 26 32  07 	 384,256,808 	 17 221 
2018-01-18 2018008 	 05 09 10 12 17 19  13 	 359,785,672 	 11 144 
2018-01-16 2018007 	 13 14 20 25 27 31  12 	 354,279,554 	 8 132 
2018-01-14 2018006 	 02 07 08 09 17 29  11 	 387,617,618 	 11 172 
2018-01-11 2018005 	 02 20 21 28 31 33  06 	 354,961,030 	 1 68 
2018-01-09 2018004 	 14 18 19 26 30 31  11 	 349,304,820 	 13 55 
2018-01-07 2018003 	 01 14 16 17 20 31  04 	 388,121,442 	 5 167 
2018-01-04 2018002 	 07 18 24 29 31 33  16 	 351,610,618 	 3 94 
2018-01-02 2018001 	 01 08 11 26 28 31  04 	 367,348,082 	 22 191 
2017-12-31 2017154 	 05 09 13 15 18 26  05 	 414,241,024 	 11 141 
2017-12-28 2017153 	 07 11 12 13 18 19  16 	 372,349,292 	 4 165 
2017-12-26 2017152 	 06 10 23 25 26 29  05 	 367,326,916 	 8 129 
2017-12-24 2017151 	 02 05 07 09 11 27  16 	 410,102,286 	 6 171 
2017-12-21 2017150 	 06 14 19 20 21 23  08 	 382,821,120 	 9 82 
2017-12-19 2017149 	 05 08 15 20 27 30  13 	 389,703,152 	 67 1126 
2017-12-17 2017148 	 04 07 11 14 29 32  12 	 419,003,890 	 18 274 
2017-12-14 2017147 	 03 07 20 21 25 31  14 	 397,012,632 	 3 131 
2017-12-12 2017146 	 01 19 25 26 27 33  10 	 409,358,700 	 21 252 
2017-12-10 2017145 	 02 06 12 17 25 28  12 	 434,698,744 	 31 458 
2017-12-07 2017144 	 03 14 16 20 31 32  09 	 394,649,686 	 8 54 
2017-12-05 2017143 	 04 06 09 14 20 29  14 	 383,967,718 	 13 164 
2017-12-03 2017142 	 08 13 14 18 23 33  06 	 417,715,258 	 6 149 
2017-11-30 2017141 	 01 06 07 11 13 15  05 	 374,075,240 	 4 78 
2017-11-28 2017140 	 21 22 25 28 29 30  08 	 376,479,116 	 16 83 
2017-11-26 2017139 	 02 14 20 24 28 32  16 	 409,744,564 	 6 92 
2017-11-23 2017138 	 01 17 24 28 32 33  02 	 377,937,674 	 6 79 
2017-11-21 2017137 	 05 10 20 23 26 31  03 	 376,184,186 	 7 146 
2017-11-19 2017136 	 03 07 10 18 21 24  12 	 401,556,928 	 19 216 
2017-11-16 2017135 	 01 06 07 14 18 26  16 	 378,825,098 	 8 147 
2017-11-14 2017134 	 04 05 11 14 28 32  04 	 365,781,644 	 13 99 
2017-11-12 2017133 	 06 15 17 18 23 30  11 	 400,247,724 	 7 223 
2017-11-09 2017132 	 02 03 05 09 13 28  11 	 377,852,842 	 6 139 
2017-11-07 2017131 	 01 07 10 11 26 27  11 	 367,788,616 	 25 131 
2017-11-05 2017130 	 05 13 14 23 25 31  02 	 401,382,016 	 5 211 
2017-11-02 2017129 	 05 06 09 14 21 33  02 	 334,351,058 	 3 116 
2017-10-31 2017128 	 02 06 13 22 29 31  08 	 323,872,230 	 13 111 
2017-10-29 2017127 	 14 15 21 24 27 32  12 	 351,381,232 	 4 63 
2017-10-26 2017126 	 01 16 17 21 27 30  16 	 328,800,104 	 8 63 
2017-10-24 2017125 	 01 14 23 25 29 30  03 	 324,821,104 	 6 133 
2017-10-22 2017124 	 02 06 11 26 28 29  03 	 352,610,564 	 8 126 
2017-10-19 2017123 	 04 05 06 11 21 31  10 	 327,467,830 	 16 237 
2017-10-17 2017122 	 11 20 21 22 24 27  15 	 323,216,212 	 4 52 
2017-10-15 2017121 	 11 18 19 22 24 32  07 	 344,520,506 	 5 136 
2017-10-12 2017120 	 08 10 15 19 23 28  16 	 319,254,526 	 5 192 
2017-10-10 2017119 	 09 16 21 25 26 31  14 	 311,293,858 	 11 127 
2017-10-08 2017118 	 08 09 15 22 30 33  16 	 339,910,326 	 12 123 
2017-10-05 2017117 	 01 02 08 11 14 21  09 	 277,103,412 	 3 53 
2017-10-03 2017116 	 02 14 20 22 30 32  02 	 270,066,216 	 9 85 
2017-10-01 2017115 	 04 10 11 25 30 31  01 	 322,048,056 	 6 128 
2017-09-28 2017114 	 06 12 13 15 18 26  13 	 321,554,260 	 4 89 
2017-09-26 2017113 	 04 06 16 27 29 33  05 	 316,223,542 	 4 75 
2017-09-24 2017112 	 03 10 14 16 22 23  11 	 346,255,520 	 2 76 
2017-09-21 2017111 	 05 10 17 19 29 32  12 	 317,976,914 	 16 99 
2017-09-19 2017110 	 01 03 12 15 19 23  14 	 316,936,062 	 3 68 
2017-09-17 2017109 	 08 14 16 18 21 23  16 	 349,302,018 	 4 96 
2017-09-14 2017108 	 07 12 14 15 17 20  01 	 320,774,192 	 6 113 
2017-09-12 2017107 	 08 09 15 17 30 32  06 	 319,335,446 	 19 202 
2017-09-10 2017106 	 12 15 20 25 27 31  02 	 346,574,690 	 4 82 
2017-09-07 2017105 	 03 06 07 12 25 26  07 	 314,223,620 	 29 254 
2017-09-05 2017104 	 01 14 15 20 23 30  14 	 310,263,038 	 2 93 
2017-09-03 2017103 	 01 21 23 25 31 33  01 	 347,478,996 	 9 64 
2017-08-31 2017102 	 04 08 10 14 18 20  11 	 315,963,272 	 14 150 
2017-08-29 2017101 	 01 04 11 28 31 32  16 	 313,219,868 	 2 51 
2017-08-27 2017100 	 04 07 08 18 23 24  02 	 343,590,604 	 16 117 
2017-08-24 2017099 	 02 05 06 16 28 29  04 	 310,565,530 	 27 142 
2017-08-22 2017098 	 04 19 22 27 30 33  01 	 314,009,676 	 14 93 
2017-08-20 2017097 	 05 10 18 19 30 31  03 	 348,913,966 	 10 183 
2017-08-17 2017096 	 02 06 11 12 19 29  06 	 322,973,284 	 14 165 
2017-08-15 2017095 	 09 10 12 19 22 29  16 	 317,203,922 	 14 332 
2017-08-13 2017094 	 08 11 13 19 28 31  06 	 341,689,810 	 9 128 
2017-08-10 2017093 	 07 08 09 15 22 27  12 	 308,248,758 	 39 238 
2017-08-08 2017092 	 10 18 19 29 32 33  09 	 308,876,342 	 4 131 
2017-08-06 2017091 	 05 07 10 23 28 29  03 	 337,138,076 	 4 141 
2017-08-03 2017090 	 01 07 10 16 22 33  09 	 312,174,318 	 4 84 
2017-08-01 2017089 	 11 12 13 16 23 25  12 	 314,842,050 	 2 69 
2017-07-30 2017088 	 07 09 18 22 23 29  06 	 346,380,162 	 10 406 
2017-07-27 2017087 	 03 06 13 14 19 28  06 	 316,090,948 	 13 105 
2017-07-25 2017086 	 03 05 06 13 20 22  07 	 313,250,840 	 5 73 
2017-07-23 2017085 	 01 05 06 16 25 30  09 	 340,676,888 	 7 148 
2017-07-20 2017084 	 01 05 11 20 22 24  02 	 314,750,766 	 9 98 
2017-07-18 2017083 	 03 08 14 20 24 26  12 	 305,712,986 	 13 161 
2017-07-16 2017082 	 14 18 21 25 28 29  10 	 340,327,376 	 9 120 
2017-07-13 2017081 	 03 05 14 25 26 30  05 	 311,169,340 	 4 134 
2017-07-11 2017080 	 01 12 16 20 22 24  08 	 309,113,400 	 10 103 
2017-07-09 2017079 	 03 07 14 23 25 27  08 	 338,568,770 	 5 107 
2017-07-06 2017078 	 05 07 18 19 22 24  16 	 308,678,006 	 7 160 
2017-07-04 2017077 	 01 02 04 15 17 22  14 	 310,153,396 	 4 93 
2017-07-02 2017076 	 01 04 08 09 14 15  13 	 346,391,726 	 7 115 
2017-06-29 2017075 	 01 03 06 19 21 29  07 	 320,592,160 	 7 90 
2017-06-27 2017074 	 02 06 16 23 30 31  02 	 312,167,868 	 16 548 
2017-06-25 2017073 	 03 06 16 23 26 30  14 	 347,269,730 	 9 173 
2017-06-22 2017072 	 06 11 14 23 26 30  02 	 321,195,342 	 11 94 
2017-06-20 2017071 	 02 03 06 14 31 32  03 	 322,489,468 	 4 51 
2017-06-18 2017070 	 01 06 14 22 25 26  12 	 357,559,628 	 4 92 
2017-06-15 2017069 	 02 11 12 23 29 31  05 	 326,172,358 	 3 98 
2017-06-13 2017068 	 02 06 10 22 30 31  15 	 320,912,348 	 7 102 
2017-06-11 2017067 	 01 03 04 10 18 29  04 	 356,270,498 	 10 131 
2017-06-08 2017066 	 01 04 06 17 19 26  03 	 329,821,920 	 8 103 
2017-06-06 2017065 	 02 05 08 10 12 21  07 	 320,800,086 	 14 181 
2017-06-04 2017064 	 02 10 16 22 24 28  15 	 351,655,222 	 5 158 
2017-06-01 2017063 	 12 16 20 22 25 31  04 	 307,572,084 	 4 246 
2017-05-30 2017062 	 01 07 22 24 26 31  10 	 292,747,704 	 2 50 
2017-05-28 2017061 	 06 07 12 20 26 27  11 	 327,891,234 	 22 236 
2017-05-25 2017060 	 05 10 13 24 26 31  04 	 320,553,910 	 4 113 
2017-05-23 2017059 	 04 08 09 15 19 25  09 	 306,145,516 	 26 222 
2017-05-21 2017058 	 01 09 13 22 28 32  11 	 338,794,650 	 8 111 
2017-05-18 2017057 	 18 20 22 23 30 31  16 	 314,697,362 	 9 71 
2017-05-16 2017056 	 13 14 18 19 21 28  06 	 317,424,132 	 8 184 
2017-05-14 2017055 	 07 12 13 20 24 31  05 	 342,200,872 	 20 109 
2017-05-11 2017054 	 02 03 09 23 28 33  08 	 315,730,948 	 2 73 
2017-05-09 2017053 	 04 09 11 15 29 31  06 	 316,559,816 	 6 77 
2017-05-07 2017052 	 07 08 18 24 29 31  07 	 346,847,224 	 5 182 
2017-05-04 2017051 	 02 05 09 15 24 25  11 	 315,667,040 	 10 194 
2017-05-02 2017050 	 10 12 20 24 27 29  07 	 308,163,776 	 5 64 
2017-04-30 2017049 	 01 08 14 15 20 29  10 	 326,777,700 	 7 113 
2017-04-27 2017048 	 05 08 09 14 15 19  07 	 317,465,116 	 11 107 
2017-04-25 2017047 	 02 05 08 10 32 33  02 	 313,845,556 	 6 181 
2017-04-23 2017046 	 04 13 14 23 26 32  10 	 348,845,228 	 6 95 
2017-04-20 2017045 	 05 07 16 20 21 25  05 	 320,562,564 	 4 99 
2017-04-18 2017044 	 08 16 19 21 31 32  06 	 318,935,018 	 15 81 
2017-04-16 2017043 	 08 13 16 23 27 31  08 	 348,879,160 	 4 170 
2017-04-13 2017042 	 01 02 04 07 10 23  04 	 326,995,938 	 8 69 
2017-04-11 2017041 	 04 10 13 15 22 27  04 	 322,450,520 	 21 114 
2017-04-09 2017040 	 15 19 23 28 29 33  04 	 359,413,424 	 13 82 
2017-04-06 2017039 	 02 04 12 14 17 24  15 	 330,405,710 	 1 109 
2017-04-04 2017038 	 01 04 08 13 24 27  05 	 310,673,636 	 5 191 
2017-04-02 2017037 	 11 15 20 22 25 30  05 	 346,434,206 	 7 102 
2017-03-30 2017036 	 01 02 05 10 24 27  15 	 340,257,990 	 4 134 
2017-03-28 2017035 	 01 06 14 24 28 32  12 	 342,022,594 	 16 164 
2017-03-26 2017034 	 04 07 08 19 32 33  13 	 373,962,682 	 8 146 
2017-03-23 2017033 	 05 07 15 20 23 30  15 	 346,477,046 	 12 205 
2017-03-21 2017032 	 05 08 15 24 27 31  11 	 346,410,188 	 63 284 
2017-03-19 2017031 	 06 10 16 26 27 29  03 	 377,406,752 	 30 344 
2017-03-16 2017030 	 01 07 09 20 23 30  02 	 350,487,064 	 5 81 
2017-03-14 2017029 	 02 15 21 23 25 30  10 	 343,011,048 	 4 53 
2017-03-12 2017028 	 07 08 12 13 22 30  09 	 377,657,484 	 9 152 
2017-03-09 2017027 	 02 04 11 14 27 30  05 	 344,767,540 	 3 76 
2017-03-07 2017026 	 03 10 12 19 27 30  08 	 338,217,710 	 30 385 
2017-03-05 2017025 	 02 15 16 17 22 32  07 	 372,684,176 	 11 176 
2017-03-02 2017024 	 09 21 25 26 29 31  13 	 342,020,216 	 6 120 
2017-02-28 2017023 	 01 03 04 11 18 22  14 	 337,872,226 	 3 108 
2017-02-26 2017022 	 02 06 15 16 18 32  15 	 370,988,738 	 4 63 
2017-02-23 2017021 	 02 05 10 22 32 33  09 	 329,896,520 	 16 115 
2017-02-21 2017020 	 04 08 10 12 31 33  10 	 321,450,250 	 4 87 
2017-02-19 2017019 	 04 06 08 12 23 25  08 	 362,828,374 	 4 111 
2017-02-16 2017018 	 01 02 03 17 25 31  09 	 332,385,048 	 5 91 
2017-02-14 2017017 	 03 07 08 10 22 23  12 	 329,086,094 	 5 120 
2017-02-12 2017016 	 05 08 16 22 27 29  02 	 349,767,606 	 12 222 
2017-02-09 2017015 	 01 08 09 14 17 32  01 	 314,977,594 	 4 101 
2017-02-07 2017014 	 06 08 18 20 23 31  13 	 307,538,720 	 5 144 
2017-02-05 2017013 	 08 11 28 29 31 33  06 	 377,878,424 	 10 99 
2017-01-26 2017012 	 10 11 14 15 16 24  07 	 329,120,186 	 9 80 
2017-01-24 2017011 	 10 11 12 23 26 29  16 	 318,019,266 	 11 229 
2017-01-22 2017010 	 05 08 19 25 28 30  07 	 350,388,682 	 30 231 
2017-01-19 2017009 	 02 06 08 09 15 29  14 	 318,286,702 	 9 145 
2017-01-17 2017008 	 07 13 15 27 28 29  13 	 318,368,112 	 10 165 
2017-01-15 2017007 	 02 04 05 24 26 33  15 	 358,098,002 	 7 62 
2017-01-12 2017006 	 02 04 08 26 29 33  08 	 327,823,184 	 4 70 
2017-01-10 2017005 	 06 11 12 22 23 30  05 	 328,457,210 	 14 204 
2017-01-08 2017004 	 05 13 17 26 27 30  07 	 361,243,290 	 18 294 
